1	60
1	151
1	180
1	385
1	491
2	61
2	229
2	287
2	348
2	492
3	20
3	286
3	327
3	353
3	414
4	105
4	360
4	472
4	475
4	482
5	162
5	332
5	384
5	415
5	490
6	39
6	317
6	354
6	367
6	488
7	39
7	80
7	426
7	463
7	480
8	58
8	110
8	241
8	378
8	495
9	35
9	90
9	247
9	390
9	415
10	117
10	275
10	449
10	456
10	476
11	234
11	269
11	419
11	477
11	486
12	233
12	271
12	368
12	435
12	436
13	345
13	377
13	462
13	465
13	487
14	77
14	196
14	448
14	457
14	466
15	216
15	366
15	433
15	474
15	494
16	235
16	344
16	405
16	433
16	448
17	100
17	208
17	315
17	360
17	472
18	137
18	323
18	381
18	447
18	461
19	59
19	126
19	442
19	477
19	500
20	3
20	289
20	335
20	399
20	489
21	99
21	161
21	314
21	439
21	468
22	111
22	214
22	393
22	395
22	493
23	93
23	253
23	280
23	406
23	428
24	108
24	268
24	477
24	491
24	500
25	75
25	338
25	366
25	424
25	437
26	98
26	171
26	247
26	378
26	490
27	323
27	429
27	436
27	455
27	475
28	238
28	391
28	392
28	422
28	450
29	169
29	353
29	400
29	434
29	467
30	91
30	274
30	419
30	454
30	477
31	34
31	326
31	358
31	375
31	488
32	279
32	319
32	377
32	416
32	487
33	84
33	342
33	459
33	476
33	496
34	31
34	227
34	317
34	358
34	450
35	9
35	118
35	138
35	304
35	490
36	51
36	226
36	327
36	411
36	447
37	207
37	345
37	440
37	477
37	483
38	330
38	334
38	342
38	459
38	496
39	6
39	7
39	55
39	425
39	431
40	249
40	313
40	372
40	491
40	496
41	170
41	318
41	363
41	383
41	457
42	352
42	357
42	430
42	481
42	497
43	227
43	352
43	358
43	391
43	450
44	200
44	420
44	449
44	461
44	467
45	168
45	211
45	432
45	433
45	474
46	160
46	164
46	208
46	247
46	355
47	126
47	212
47	439
47	458
47	479
48	181
48	320
48	345
48	460
48	493
49	76
49	184
49	218
49	482
49	499
50	173
50	352
50	358
50	401
50	450
51	36
51	56
51	133
51	400
51	461
52	260
52	328
52	442
52	478
52	481
53	352
53	434
53	447
53	464
53	471
54	331
54	349
54	377
54	465
54	498
55	39
55	182
55	248
55	444
55	480
56	51
56	335
56	381
56	456
56	476
57	96
57	127
57	222
57	451
57	460
58	8
58	98
58	332
58	427
58	495
59	19
59	338
59	439
59	486
59	500
60	1
60	135
60	282
60	373
60	470
61	2
61	374
61	378
61	390
61	448
62	114
62	295
62	451
62	485
62	487
63	120
63	178
63	218
63	365
63	470
64	157
64	336
64	452
64	468
64	481
65	380
65	435
65	475
65	482
65	486
66	145
66	337
66	385
66	441
66	499
67	127
67	355
67	356
67	390
67	492
68	305
68	375
68	417
68	455
68	482
69	123
69	275
69	409
69	471
69	489
70	83
70	244
70	322
70	462
70	487
71	141
71	193
71	426
71	431
71	457
72	73
72	130
72	211
72	433
72	469
73	72
73	263
73	443
73	461
73	484
74	347
74	364
74	400
74	464
74	467
75	25
75	276
75	288
75	338
75	494
76	49
76	180
76	385
76	441
76	499
77	14
77	156
77	300
77	418
77	444
78	124
78	334
78	372
78	459
78	496
79	271
79	305
79	323
79	374
79	435
80	7
80	300
80	359
80	415
80	444
81	123
81	230
81	353
81	414
81	420
82	113
82	288
82	334
82	459
82	496
83	70
83	215
83	469
83	478
83	485
84	33
84	281
84	288
84	289
84	496
85	295
85	319
85	421
85	460
85	485
86	233
86	332
86	348
86	419
86	492
87	119
87	323
87	436
87	455
87	482
88	171
88	234
88	419
88	468
88	477
89	201
89	217
89	283
89	339
89	454
90	9
90	285
90	397
90	486
90	500
91	30
91	260
91	381
91	419
91	481
92	310
92	454
92	481
92	486
92	500
93	23
93	125
93	280
93	294
93	441
94	261
94	270
94	333
94	370
94	452
95	160
95	258
95	291
95	362
95	469
96	57
96	389
96	421
96	451
96	485
97	195
97	347
97	364
97	434
97	489
98	26
98	58
98	235
98	328
98	490
99	21
99	148
99	413
99	426
99	463
100	17
100	105
100	121
100	305
100	482
101	324
101	387
101	425
101	426
101	474
102	176
102	196
102	219
102	318
102	341
103	298
103	404
103	406
103	437
103	484
104	159
104	424
104	441
104	491
104	499
105	4
105	100
105	370
105	380
105	429
106	295
106	331
106	462
106	478
106	493
107	327
107	344
107	449
107	461
107	471
108	24
108	262
108	297
108	478
108	500
109	161
109	217
109	440
109	458
109	468
110	8
110	266
110	374
110	492
110	495
111	22
111	128
111	281
111	396
111	405
111	485
112	125
112	200
112	337
112	428
112	445
112	470
113	82
113	249
113	362
113	372
113	459
113	496
114	62
114	143
114	322
114	431
114	465
114	493
115	169
115	289
115	312
115	351
115	456
115	489
116	141
116	322
116	405
116	408
116	460
116	478
117	10
117	353
117	402
117	456
117	464
117	497
118	35
118	287
118	357
118	374
118	492
118	495
119	87
119	205
119	220
119	231
119	410
119	436
120	63
120	132
120	242
120	282
120	369
120	491
121	100
121	212
121	290
121	452
121	481
121	500
122	273
122	280
122	369
122	373
122	406
122	495
123	69
123	81
123	307
123	409
123	444
123	471
124	78
124	330
124	334
124	372
124	459
124	496
125	93
125	112
125	218
125	219
125	470
125	499
126	19
126	47
126	195
126	261
126	336
126	479
127	57
127	67
127	215
127	389
127	465
127	487
128	111
128	319
128	331
128	402
128	493
128	498
129	174
129	197
129	251
129	306
129	426
129	456
130	72
130	182
130	237
130	362
130	413
130	433
131	151
131	200
131	428
131	445
131	453
131	499
132	120
132	365
132	406
132	445
132	453
132	499
133	51
133	187
133	194
133	353
133	467
133	496
134	392
134	407
134	450
134	473
134	488
134	497
135	60
135	224
135	242
135	406
135	470
135	491
136	208
136	266
136	304
136	332
136	492
136	495
137	18
137	139
137	306
137	363
137	447
137	467
138	35
138	238
138	254
138	422
138	438
138	473
139	137
139	275
139	286
139	306
139	324
139	411
140	308
140	423
140	446
140	460
140	466
140	480
141	71
141	116
141	324
141	341
141	413
141	431
142	154
142	291
142	298
142	362
142	437
142	474
143	114
143	218
143	462
143	478
143	487
143	493
144	158
144	235
144	301
144	343
144	427
144	495
145	66
145	322
145	405
145	416
145	421
145	498
146	206
146	213
146	220
146	231
146	244
146	482
147	248
147	293
147	324
147	382
147	387
147	463
148	99
148	359
148	387
148	413
148	429
148	466
149	173
149	277
149	294
149	302
149	391
149	392
150	288
150	330
150	372
150	388
150	459
150	496
151	1
151	131
151	385
151	445
151	453
151	491
152	185
152	293
152	446
152	457
152	463
152	493
153	204
153	376
153	398
153	433
153	494
153	499
154	142
154	369
154	428
154	441
154	491
154	499
155	183
155	277
155	325
155	351
155	449
155	467
156	77
156	176
156	185
156	363
156	444
156	480
157	64
157	372
157	458
157	468
157	477
157	483
158	144
158	164
158	274
158	378
158	386
158	490
159	104
159	252
159	428
159	467
159	470
159	491
160	46
160	95
160	199
160	211
160	398
160	469
161	21
161	109
161	202
161	267
161	379
161	439
162	5
162	208
162	311
162	448
162	490
162	492
163	316
163	443
163	446
163	469
163	484
163	494
164	46
164	158
164	287
164	304
164	448
164	476
165	313
165	330
165	342
165	372
165	388
165	496
166	242
166	365
166	385
166	428
166	452
166	453
167	213
167	256
167	323
167	380
167	430
167	482
168	45
168	172
168	216
168	263
168	361
168	484
169	29
169	115
169	183
169	303
169	340
169	351
170	41
170	193
170	423
170	426
170	431
170	437
171	26
171	88
171	191
171	245
171	304
171	343
172	168
172	325
172	362
172	433
172	443
172	474
173	50
173	149
173	392
173	403
173	422
173	497
174	129
174	275
174	286
174	461
174	464
174	476
175	306
175	400
175	442
175	456
175	471
175	489
176	102
176	156
176	422
176	423
176	446
176	457
177	336
177	352
177	394
177	401
177	473
177	497
178	63
178	337
178	441
178	445
178	470
178	491
179	223
179	370
179	440
179	468
179	477
179	479
180	1
180	76
180	252
180	273
180	296
180	441
181	48
181	228
181	405
181	462
181	487
181	498
182	55
182	130
182	291
182	298
182	437
182	494
183	155
183	169
183	246
183	347
183	449
183	456
184	49
184	210
184	252
184	369
184	440
184	453
185	152
185	156
185	198
185	292
185	300
185	412
186	289
186	335
186	414
186	420
186	454
186	467
187	133
187	259
187	399
187	461
187	476
187	489
188	255
188	376
188	405
188	451
188	465
188	478
189	310
189	439
189	468
189	481
189	483
189	498
189	500
190	192
190	269
190	293
190	413
190	425
190	457
190	466
191	171
191	229
191	241
191	374
191	427
191	448
191	490
192	190
192	293
192	318
192	324
192	387
192	464
192	480
193	71
193	170
193	196
193	358
193	382
193	444
193	446
194	133
194	214
194	399
194	409
194	449
194	456
194	464
195	97
195	126
195	226
195	384
195	411
195	464
195	471
196	14
196	102
196	193
196	248
196	418
196	466
196	480
197	129
197	303
197	335
197	430
197	461
197	464
197	489
198	185
198	219
198	293
198	359
198	412
198	413
198	446
199	160
199	264
199	371
199	398
199	424
199	474
199	484
200	44
200	112
200	131
200	365
200	406
200	491
200	499
201	89
201	202
201	261
201	270
201	321
201	440
201	486
202	161
202	201
202	252
202	267
202	268
202	314
202	371
203	259
203	353
203	399
203	400
203	411
203	447
203	480
204	153
204	264
204	316
204	325
204	346
204	353
204	404
205	119
205	206
205	225
205	315
205	368
205	436
205	496
206	146
206	205
206	243
206	256
206	323
206	435
206	484
207	37
207	261
207	268
207	290
207	339
207	431
207	452
208	17
208	46
208	136
208	162
208	272
208	415
208	492
209	267
209	285
209	370
209	379
209	477
209	492
209	500
210	184
210	365
210	373
210	385
210	441
210	470
210	499
211	45
211	72
211	160
211	398
211	404
211	419
211	433
212	47
212	121
212	261
212	419
212	452
212	477
212	483
213	146
213	167
213	375
213	410
213	429
213	472
213	482
214	22
214	194
214	215
214	331
214	377
214	395
214	487
215	83
215	127
215	214
215	322
215	396
215	397
215	421
216	15
216	168
216	325
216	361
216	366
216	432
216	469
217	89
217	109
217	240
217	439
217	468
217	483
217	486
218	49
218	63
218	125
218	143
218	253
218	369
218	453
219	102
219	125
219	198
219	248
219	363
219	382
219	463
220	119
220	146
220	243
220	284
220	375
220	435
220	475
221	222
221	377
221	396
221	409
221	460
221	462
221	498
222	57
222	221
222	320
222	393
222	421
222	478
222	493
223	179
223	271
223	410
223	417
223	435
223	436
223	472
224	135
224	256
224	323
224	375
224	455
224	475
224	482
225	205
225	232
225	305
225	360
225	380
225	435
225	455
226	36
226	195
226	246
226	259
226	340
226	399
226	409
227	34
227	43
227	250
227	357
227	394
227	488
227	497
228	181
228	281
228	330
228	342
228	388
228	459
228	496
229	2
229	191
229	272
229	307
229	378
229	427
229	495
230	81
230	284
230	340
230	384
230	402
230	449
230	461
231	119
231	146
231	256
231	368
231	375
231	417
231	488
232	225
232	244
232	378
232	417
232	429
232	472
232	475
233	12
233	86
233	287
233	301
233	448
233	492
233	495
234	11
234	88
234	261
234	283
234	339
234	427
234	454
235	16
235	98
235	144
235	343
235	356
235	415
235	490
236	272
236	355
236	386
236	415
236	448
236	469
236	490
237	130
237	276
237	278
237	316
237	366
237	394
237	432
237	484
238	28
238	138
238	239
238	292
238	302
238	354
238	401
238	473
239	238
239	352
239	391
239	422
239	430
239	438
239	450
239	472
240	217
240	274
240	359
240	370
240	439
240	458
240	477
240	486
241	8
241	191
241	247
241	343
241	356
241	378
241	415
241	427
242	120
242	135
242	166
242	253
242	365
242	373
242	403
242	406
243	206
243	220
243	315
243	360
243	368
243	375
243	417
243	429
244	70
244	146
244	232
244	360
244	435
244	436
244	472
244	482
245	171
245	301
245	344
245	378
245	390
245	443
245	448
245	490
246	183
246	226
246	303
246	335
246	402
246	432
246	467
246	489
247	9
247	26
247	46
247	241
247	332
247	374
247	427
247	495
248	55
248	147
248	196
248	219
248	363
248	382
248	446
248	467
249	40
249	113
249	288
249	334
249	380
249	388
249	459
249	496
250	227
250	278
250	326
250	329
250	391
250	403
250	488
250	497
251	129
251	257
251	259
251	277
251	381
251	409
251	464
251	476
252	159
252	180
252	184
252	202
252	453
252	470
252	491
252	499
253	23
253	218
253	242
253	406
253	441
253	445
253	453
253	499
254	138
254	257
254	309
254	320
254	391
254	438
254	488
254	497
255	188
255	322
255	395
255	416
255	448
255	460
255	485
255	487
256	167
256	206
256	224
256	231
256	299
256	368
256	455
256	475
257	251
257	254
257	394
257	403
257	407
257	473
257	488
257	497
258	95
258	263
258	276
258	338
258	424
258	443
258	469
258	484
259	187
259	203
259	226
259	251
259	384
259	387
259	434
259	461
260	52
260	91
260	296
260	318
260	452
260	454
260	483
260	500
261	94
261	126
261	201
261	207
261	212
261	234
261	379
261	424
262	108
262	265
262	270
262	321
262	336
262	440
262	458
262	483
263	73
263	168
263	258
263	362
263	392
263	398
263	469
263	474
264	199
264	204
264	325
264	346
264	398
264	445
264	469
264	484
265	262
265	269
265	290
265	419
265	439
265	458
265	479
265	486
266	110
266	136
266	272
266	279
266	344
266	425
266	492
266	495
267	161
267	202
267	209
267	333
267	419
267	458
267	486
267	500
268	24
268	202
268	207
268	283
268	328
268	370
268	458
268	462
269	11
269	190
269	265
269	310
269	479
269	481
269	486
269	500
270	94
270	201
270	262
270	296
270	350
270	413
270	483
270	500
271	12
271	79
271	223
271	323
271	455
271	472
271	475
271	482
272	208
272	229
272	236
272	266
272	279
272	351
272	390
272	427
273	122
273	180
273	282
273	337
273	365
273	373
273	428
273	439
274	30
274	158
274	240
274	283
274	339
274	442
274	479
274	481
275	10
275	69
275	139
275	174
275	289
275	436
275	449
275	471
276	75
276	237
276	258
276	437
276	443
276	474
276	484
276	494
277	149
277	155
277	251
277	306
277	399
277	414
277	464
277	471
278	237
278	250
278	361
278	366
278	424
278	469
278	484
278	494
279	32
279	266
279	272
279	348
279	374
279	378
279	427
279	490
280	23
280	93
280	122
280	393
280	441
280	445
280	470
280	491
280	499
281	84
281	111
281	228
281	288
281	330
281	342
281	388
281	459
281	496
282	60
282	120
282	273
282	337
282	365
282	373
282	453
282	470
282	494
283	89
283	234
283	268
283	274
283	290
283	297
283	322
283	442
283	477
284	220
284	230
284	286
284	414
284	434
284	447
284	456
284	467
284	489
285	90
285	209
285	331
285	333
285	379
285	439
285	458
285	481
285	500
286	3
286	139
286	174
286	284
286	364
286	456
286	471
286	476
286	489
287	2
287	118
287	164
287	233
287	304
287	344
287	490
287	492
287	497
288	75
288	82
288	84
288	150
288	249
288	281
288	372
288	459
288	496
289	20
289	84
289	115
289	186
289	275
289	340
289	411
289	456
289	489
290	121
290	207
290	265
290	283
290	314
290	339
290	414
290	481
290	486
291	95
291	142
291	182
291	316
291	346
291	434
291	469
291	474
291	494
292	185
292	238
292	318
292	382
292	383
292	423
292	426
292	463
292	466
293	147
293	152
293	190
293	192
293	198
293	318
293	356
293	423
293	425
294	93
294	149
294	302
294	309
294	326
294	391
294	392
294	394
294	407
295	62
295	85
295	106
295	319
295	365
295	389
295	462
295	478
295	485
296	180
296	260
296	270
296	339
296	371
296	397
296	452
296	481
296	500
297	108
297	283
297	310
297	336
297	397
297	439
297	458
297	479
297	483
298	103
298	142
298	182
298	361
298	404
298	424
298	443
298	463
298	494
299	256
299	375
299	410
299	429
299	435
299	436
299	471
299	475
299	482
300	77
300	80
300	185
300	310
300	341
300	383
300	418
300	431
300	480
301	144
301	233
301	245
301	386
301	427
301	468
301	490
301	492
301	495
302	149
302	238
302	294
302	352
302	367
302	404
302	407
302	422
302	430
303	169
303	197
303	246
303	353
303	364
303	411
303	456
303	476
303	495
304	35
304	136
304	164
304	171
304	287
304	348
304	428
304	490
304	495
305	68
305	79
305	100
305	225
305	380
305	435
305	436
305	455
305	485
306	129
306	137
306	139
306	175
306	277
306	307
306	447
306	450
306	461
307	123
307	229
307	306
307	351
307	399
307	402
307	411
307	420
307	489
308	140
308	324
308	349
308	383
308	425
308	431
308	444
308	457
308	463
309	254
309	294
309	352
309	354
309	367
309	392
309	416
309	438
309	488
310	92
310	189
310	269
310	297
310	300
310	314
310	336
310	370
310	486
311	162
311	348
311	356
311	386
311	390
311	415
311	435
311	492
311	495
312	115
312	327
312	340
312	367
312	399
312	400
312	434
312	464
312	467
313	40
313	165
313	334
313	342
313	372
313	388
313	435
313	459
313	496
314	21
314	202
314	290
314	310
314	397
314	419
314	454
314	468
314	477
314	494
315	17
315	205
315	243
315	417
315	435
315	436
315	438
315	472
315	475
315	482
316	163
316	204
316	237
316	291
316	325
316	424
316	432
316	437
316	474
316	490
317	6
317	34
317	332
317	401
317	407
317	422
317	438
317	450
317	473
317	497
318	41
318	102
318	192
318	260
318	292
318	293
318	418
318	426
318	457
318	466
319	32
319	85
319	128
319	295
319	320
319	408
319	434
319	465
319	478
319	493
320	48
320	222
320	254
320	319
320	389
320	393
320	416
320	462
320	485
320	498
321	201
321	262
321	343
321	350
321	440
321	452
321	454
321	468
321	479
321	483
322	70
322	114
322	116
322	145
322	215
322	255
322	283
322	460
322	462
322	493
323	18
323	27
323	79
323	87
323	167
323	206
323	224
323	271
323	455
323	472
324	101
324	139
324	141
324	147
324	192
324	308
324	383
324	412
324	463
324	466
325	155
325	172
325	204
325	216
325	264
325	316
325	376
325	443
325	484
325	494
326	31
326	250
326	294
326	367
326	394
326	401
326	403
326	446
326	450
326	473
327	3
327	36
327	107
327	312
327	381
327	384
327	402
327	452
327	471
327	489
328	52
328	98
328	268
328	333
328	442
328	452
328	468
328	477
328	479
328	483
329	250
329	334
329	354
329	401
329	403
329	422
329	438
329	473
329	488
329	497
330	38
330	124
330	150
330	165
330	228
330	281
330	388
330	410
330	459
330	496
331	54
331	106
331	128
331	214
331	285
331	405
331	451
331	462
331	487
331	498
332	5
332	58
332	86
332	136
332	247
332	317
332	415
332	448
332	490
332	495
333	94
333	267
333	285
333	328
333	371
333	421
333	442
333	468
333	483
333	486
334	38
334	78
334	82
334	124
334	249
334	313
334	329
334	388
334	459
334	496
335	20
335	56
335	186
335	197
335	246
335	409
335	420
335	457
335	464
335	476
336	64
336	126
336	177
336	262
336	297
336	310
336	419
336	439
336	458
336	486
337	66
337	112
337	178
337	273
337	282
337	365
337	385
337	428
337	477
337	491
338	25
338	59
338	75
338	258
338	404
338	424
338	433
338	437
338	484
338	494
339	89
339	207
339	234
339	274
339	290
339	296
339	417
339	419
339	452
339	479
340	169
340	226
340	230
340	289
340	312
340	347
340	384
340	429
340	449
340	476
341	102
341	141
341	300
341	363
341	413
341	423
341	444
341	460
341	466
341	480
342	33
342	38
342	165
342	228
342	281
342	313
342	388
342	453
342	459
342	496
343	144
343	171
343	235
343	241
343	321
343	348
343	355
343	356
343	386
343	390
344	16
344	107
344	245
344	266
344	287
344	356
344	386
344	415
344	448
344	495
345	13
345	37
345	48
345	405
345	408
345	416
345	451
345	460
345	465
345	487
345	498
346	204
346	264
346	291
346	361
346	404
346	424
346	432
346	433
346	468
346	469
346	474
347	74
347	97
347	183
347	340
347	351
347	364
347	384
347	402
347	411
347	449
347	487
348	2
348	86
348	279
348	304
348	311
348	343
348	386
348	415
348	427
348	448
348	475
349	54
349	308
349	412
349	413
349	423
349	425
349	426
349	431
349	446
349	463
349	466
350	270
350	321
350	354
350	379
350	440
350	442
350	454
350	479
350	481
350	483
350	500
351	115
351	155
351	169
351	272
351	307
351	347
351	409
351	411
351	414
351	447
351	461
352	42
352	43
352	50
352	53
352	177
352	239
352	302
352	309
352	357
352	391
352	430
353	3
353	29
353	81
353	117
353	133
353	203
353	204
353	303
353	402
353	447
353	464
354	6
354	238
354	309
354	329
354	350
354	367
354	394
354	438
354	473
354	488
354	497
355	46
355	67
355	236
355	343
355	356
355	386
355	397
355	448
355	490
355	492
355	495
356	67
356	235
356	241
356	293
356	311
356	343
356	344
356	355
356	390
356	492
356	495
357	42
357	118
357	227
357	352
357	367
357	392
357	401
357	422
357	450
357	473
357	497
358	31
358	34
358	43
358	50
358	193
358	394
358	401
358	430
358	438
358	473
358	497
359	80
359	148
359	198
359	240
359	363
359	412
359	418
359	425
359	431
359	457
359	500
360	4
360	17
360	225
360	243
360	244
360	375
360	410
360	429
360	453
360	472
360	475
361	168
361	216
361	278
361	298
361	346
361	366
361	379
361	432
361	437
361	469
361	474
362	95
362	113
362	130
362	142
362	172
362	263
362	424
362	432
362	469
362	474
362	484
363	41
363	137
363	156
363	219
363	248
363	341
363	359
363	387
363	444
363	446
363	457
364	74
364	97
364	286
364	303
364	347
364	381
364	384
364	414
364	420
364	449
364	493
365	63
365	132
365	166
365	200
365	210
365	242
365	273
365	282
365	295
365	337
365	470
365	499
366	15
366	25
366	216
366	237
366	278
366	361
366	437
366	443
366	457
366	458
366	484
366	494
367	6
367	302
367	309
367	312
367	326
367	354
367	357
367	403
367	407
367	473
367	488
367	497
368	12
368	205
368	231
368	243
368	256
368	417
368	435
368	436
368	455
368	475
368	479
368	482
369	120
369	122
369	154
369	184
369	218
369	415
369	428
369	441
369	445
369	453
369	491
369	499
370	94
370	105
370	179
370	209
370	240
370	268
370	310
370	379
370	440
370	468
370	479
370	486
371	199
371	202
371	296
371	333
371	440
371	442
371	452
371	454
371	479
371	481
371	483
371	486
372	40
372	78
372	113
372	124
372	150
372	157
372	165
372	288
372	313
372	388
372	459
372	496
373	60
373	122
373	210
373	242
373	273
373	282
373	441
373	445
373	453
373	465
373	491
373	499
374	61
374	79
374	110
374	118
374	191
374	247
374	279
374	386
374	490
374	492
374	495
374	496
375	31
375	68
375	213
375	220
375	224
375	231
375	243
375	299
375	360
375	410
375	429
375	455
376	153
376	188
376	325
376	404
376	432
376	433
376	437
376	443
376	469
376	474
376	484
376	494
377	13
377	32
377	54
377	214
377	221
377	395
377	416
377	449
377	451
377	485
377	493
377	498
378	8
378	26
378	61
378	158
378	229
378	232
378	241
378	245
378	279
378	390
378	455
378	490
379	161
379	209
379	261
379	285
379	350
379	361
379	370
379	397
379	440
379	452
379	458
379	468
380	65
380	105
380	167
380	225
380	249
380	305
380	410
380	414
380	429
380	472
380	475
380	482
381	18
381	56
381	91
381	251
381	327
381	364
381	402
381	447
381	456
381	467
381	471
381	489
382	147
382	193
382	219
382	248
382	292
382	412
382	418
382	457
382	466
382	476
382	480
382	498
383	41
383	292
383	300
383	308
383	324
383	387
383	412
383	423
383	426
383	457
383	466
383	489
384	5
384	195
384	230
384	259
384	327
384	340
384	347
384	364
384	390
384	409
384	464
384	476
385	1
385	66
385	76
385	151
385	166
385	210
385	337
385	406
385	428
385	445
385	470
385	479
385	499
386	158
386	236
386	301
386	311
386	343
386	344
386	348
386	355
386	374
386	390
386	427
386	472
386	490
387	101
387	147
387	148
387	192
387	259
387	363
387	383
387	413
387	418
387	431
387	444
387	463
387	480
388	150
388	165
388	228
388	249
388	281
388	313
388	330
388	334
388	342
388	372
388	459
388	491
388	496
389	96
389	127
389	295
389	320
389	393
389	407
389	408
389	421
389	462
389	478
389	485
389	487
389	493
390	9
390	61
390	67
390	245
390	272
390	311
390	343
390	356
390	378
390	384
390	386
390	448
390	492
391	28
391	43
391	149
391	239
391	250
391	254
391	294
391	352
391	430
391	450
391	464
391	473
391	488
392	28
392	134
392	149
392	173
392	263
392	294
392	309
392	357
392	394
392	430
392	488
392	489
392	497
393	22
393	222
393	280
393	320
393	389
393	416
393	451
393	460
393	465
393	478
393	487
393	494
393	498
394	177
394	227
394	237
394	257
394	294
394	326
394	354
394	358
394	392
394	407
394	430
394	488
394	497
395	22
395	214
395	255
395	377
395	396
395	408
395	460
395	465
395	466
395	478
395	485
395	493
395	498
396	111
396	215
396	221
396	395
396	408
396	416
396	460
396	465
396	483
396	485
396	487
396	493
396	498
397	90
397	215
397	296
397	297
397	314
397	355
397	379
397	419
397	442
397	458
397	477
397	479
397	486
398	153
398	160
398	199
398	211
398	263
398	264
398	411
398	432
398	437
398	469
398	473
398	484
398	494
399	20
399	187
399	194
399	203
399	226
399	277
399	307
399	312
399	432
399	434
399	449
399	461
399	467
400	29
400	51
400	74
400	175
400	203
400	312
400	418
400	434
400	447
400	456
400	461
400	464
400	467
401	50
401	177
401	238
401	317
401	326
401	329
401	357
401	358
401	403
401	426
401	430
401	438
401	488
401	497
402	117
402	128
402	230
402	246
402	307
402	327
402	347
402	353
402	381
402	409
402	414
402	464
402	471
402	476
403	173
403	242
403	250
403	257
403	326
403	329
403	367
403	401
403	407
403	422
403	430
403	438
403	447
403	488
404	103
404	204
404	211
404	298
404	302
404	338
404	346
404	376
404	432
404	437
404	443
404	469
404	484
404	494
405	16
405	111
405	116
405	145
405	181
405	188
405	331
405	345
405	408
405	451
405	462
405	485
405	493
405	498
406	23
406	103
406	122
406	132
406	135
406	200
406	242
406	253
406	385
406	445
406	453
406	470
406	491
406	499
407	134
407	257
407	294
407	302
407	317
407	367
407	389
407	394
407	403
407	430
407	450
407	473
407	488
407	497
408	116
408	319
408	345
408	389
408	395
408	396
408	405
408	420
408	460
408	465
408	478
408	487
408	493
408	498
409	69
409	123
409	194
409	221
409	226
409	251
409	335
409	351
409	384
409	402
409	467
409	471
409	489
409	499
410	119
410	213
410	223
410	299
410	330
410	360
410	375
410	380
410	429
410	436
410	455
410	472
410	475
410	482
411	36
411	139
411	195
411	203
411	289
411	303
411	307
411	347
411	351
411	398
411	420
411	447
411	467
411	471
412	185
412	198
412	324
412	349
412	359
412	382
412	383
412	413
412	418
412	423
412	442
412	463
412	466
412	480
413	99
413	130
413	141
413	148
413	190
413	198
413	270
413	341
413	349
413	387
413	412
413	418
413	423
413	463
413	480
414	3
414	81
414	186
414	277
414	284
414	290
414	351
414	364
414	380
414	402
414	420
414	464
414	471
414	476
414	489
415	5
415	9
415	80
415	208
415	235
415	236
415	241
415	311
415	332
415	344
415	348
415	369
415	427
415	490
415	492
416	32
416	145
416	255
416	309
416	320
416	345
416	377
416	393
416	396
416	421
416	451
416	474
416	478
416	485
416	493
417	68
417	223
417	231
417	232
417	243
417	315
417	339
417	368
417	429
417	433
417	435
417	436
417	455
417	472
417	475
418	77
418	196
418	300
418	318
418	359
418	382
418	387
418	400
418	412
418	413
418	425
418	444
418	446
418	457
418	480
419	11
419	30
419	86
419	88
419	91
419	211
419	212
419	265
419	267
419	314
419	336
419	339
419	397
419	481
419	500
420	44
420	81
420	186
420	307
420	335
420	364
420	408
420	411
420	414
420	434
420	449
420	461
420	464
420	467
420	489
421	85
421	96
421	145
421	215
421	222
421	333
421	389
421	416
421	447
421	460
421	462
421	465
421	478
421	485
421	493
421	498
422	28
422	138
422	173
422	176
422	239
422	302
422	317
422	329
422	357
422	403
422	430
422	438
422	450
422	473
422	488
422	497
423	140
423	170
423	176
423	292
423	293
423	341
423	349
423	383
423	412
423	413
423	425
423	426
423	444
423	456
423	463
423	480
424	25
424	104
424	199
424	258
424	261
424	278
424	298
424	316
424	338
424	346
424	362
424	432
424	437
424	443
424	474
424	484
425	39
425	101
425	190
425	266
425	293
425	308
425	349
425	359
425	418
425	423
425	426
425	431
425	446
425	466
425	480
425	487
426	7
426	71
426	99
426	101
426	129
426	170
426	292
426	318
426	349
426	383
426	401
426	423
426	425
426	446
426	466
426	480
427	58
427	144
427	191
427	229
427	234
427	241
427	247
427	272
427	279
427	301
427	348
427	386
427	415
427	448
427	480
427	492
428	23
428	112
428	131
428	154
428	159
428	166
428	273
428	304
428	337
428	369
428	385
428	441
428	453
428	470
428	491
428	499
429	27
429	105
429	148
429	213
429	232
429	243
429	299
429	340
429	360
429	375
429	380
429	410
429	417
429	435
429	455
429	472
430	42
430	167
430	197
430	239
430	302
430	352
430	358
430	391
430	392
430	394
430	401
430	403
430	407
430	422
430	450
430	473
431	39
431	71
431	114
431	141
431	170
431	207
431	300
431	308
431	349
431	359
431	387
431	425
431	444
431	446
431	457
431	463
432	45
432	216
432	237
432	246
432	316
432	346
432	361
432	362
432	376
432	398
432	399
432	404
432	424
432	433
432	469
432	474
432	494
433	15
433	16
433	45
433	72
433	130
433	153
433	172
433	211
433	338
433	346
433	376
433	417
433	432
433	443
433	469
433	474
433	494
434	29
434	53
434	97
434	259
434	284
434	291
434	312
434	319
434	399
434	400
434	420
434	447
434	449
434	461
434	467
434	471
434	476
435	12
435	65
435	79
435	206
435	220
435	223
435	225
435	244
435	299
435	305
435	311
435	313
435	315
435	368
435	417
435	429
435	472
436	12
436	27
436	87
436	119
436	205
436	223
436	244
436	275
436	299
436	305
436	315
436	368
436	410
436	417
436	441
436	472
436	475
437	25
437	103
437	142
437	170
437	182
437	276
437	316
437	338
437	361
437	366
437	376
437	398
437	404
437	424
437	443
437	474
437	494
438	138
438	239
438	254
438	309
438	315
438	317
438	329
438	354
438	358
438	401
438	403
438	422
438	450
438	465
438	473
438	488
438	497
439	21
439	47
439	59
439	161
439	189
439	217
439	240
439	265
439	273
439	285
439	297
439	336
439	442
439	458
439	468
439	479
439	481
440	37
440	109
440	179
440	184
440	201
440	262
440	321
440	350
440	370
440	371
440	379
440	442
440	452
440	454
440	481
440	483
440	500
441	66
441	76
441	93
441	104
441	154
441	178
441	180
441	210
441	253
441	280
441	369
441	373
441	428
441	436
441	445
441	458
441	470
441	491
442	19
442	52
442	175
442	274
442	283
442	328
442	333
442	350
442	371
442	397
442	412
442	439
442	440
442	458
442	477
442	479
442	486
442	500
443	73
443	163
443	172
443	245
443	258
443	276
443	298
443	325
443	366
443	376
443	404
443	424
443	433
443	437
443	470
443	474
443	484
443	494
444	55
444	77
444	80
444	123
444	156
444	193
444	308
444	341
444	363
444	387
444	418
444	423
444	431
444	446
444	457
444	463
444	473
444	480
445	112
445	131
445	132
445	151
445	178
445	253
445	264
445	280
445	369
445	373
445	385
445	406
445	441
445	453
445	456
445	470
445	491
445	499
446	140
446	152
446	163
446	176
446	193
446	198
446	248
446	326
446	349
446	363
446	418
446	425
446	426
446	431
446	444
446	463
446	466
446	480
447	18
447	36
447	53
447	137
447	203
447	284
447	306
447	351
447	353
447	381
447	400
447	403
447	411
447	421
447	434
447	456
447	461
447	489
448	14
448	16
448	61
448	162
448	164
448	191
448	233
448	236
448	245
448	255
448	332
448	344
448	348
448	355
448	390
448	427
448	492
448	495
449	10
449	44
449	107
449	155
449	183
449	194
449	230
449	275
449	340
449	347
449	364
449	377
449	399
449	420
449	434
449	461
449	471
449	476
450	28
450	34
450	43
450	50
450	134
450	239
450	306
450	317
450	326
450	357
450	391
450	407
450	422
450	430
450	438
450	477
450	488
450	497
451	57
451	62
451	96
451	188
451	331
451	345
451	377
451	393
451	405
451	416
451	459
451	460
451	462
451	465
451	485
451	487
451	498
451	499
452	64
452	94
452	121
452	166
452	207
452	212
452	260
452	296
452	321
452	327
452	328
452	339
452	371
452	379
452	440
452	458
452	481
452	483
452	500
453	131
453	132
453	151
453	166
453	184
453	218
453	252
453	253
453	282
453	342
453	360
453	369
453	373
453	406
453	428
453	445
453	470
453	491
453	499
454	30
454	89
454	92
454	186
454	234
454	260
454	314
454	321
454	350
454	371
454	440
454	455
454	458
454	468
454	479
454	481
454	483
454	486
454	500
455	27
455	68
455	87
455	224
455	225
455	256
455	271
455	305
455	323
455	368
455	375
455	378
455	410
455	417
455	429
455	454
455	472
455	475
455	482
456	10
456	56
456	115
456	117
456	129
456	175
456	183
456	194
456	284
456	286
456	289
456	303
456	381
456	400
456	423
456	445
456	447
456	467
456	489
457	14
457	41
457	71
457	152
457	176
457	190
457	308
457	318
457	335
457	359
457	363
457	366
457	382
457	383
457	418
457	431
457	444
457	463
457	466
457	480
458	47
458	109
458	157
458	240
458	262
458	265
458	267
458	268
458	285
458	297
458	336
458	366
458	379
458	397
458	439
458	441
458	442
458	452
458	454
458	468
459	33
459	38
459	78
459	82
459	113
459	124
459	150
459	228
459	249
459	281
459	288
459	313
459	330
459	334
459	342
459	372
459	388
459	451
459	493
459	496
460	48
460	57
460	85
460	116
460	140
460	221
460	255
460	322
460	341
460	345
460	393
460	395
460	396
460	408
460	421
460	451
460	465
460	478
460	487
460	493
461	18
461	44
461	51
461	73
461	107
461	174
461	187
461	197
461	230
461	259
461	306
461	351
461	399
461	400
461	420
461	434
461	447
461	449
461	476
461	486
462	13
462	70
462	106
462	143
462	181
462	221
462	268
462	295
462	320
462	322
462	331
462	389
462	405
462	421
462	451
462	478
462	485
462	487
462	495
462	498
463	7
463	99
463	147
463	152
463	219
463	292
463	298
463	308
463	324
463	349
463	387
463	412
463	413
463	423
463	431
463	444
463	446
463	457
463	466
463	500
464	53
464	74
464	117
464	174
464	192
464	194
464	195
464	197
464	251
464	277
464	312
464	335
464	353
464	384
464	391
464	400
464	402
464	414
464	420
464	489
465	13
465	54
465	114
465	127
465	188
465	319
465	345
465	373
465	393
465	395
465	396
465	408
465	421
465	438
465	451
465	460
465	478
465	485
465	487
465	493
465	498
466	14
466	140
466	148
466	190
466	196
466	292
466	318
466	324
466	341
466	349
466	382
466	383
466	395
466	412
466	425
466	426
466	446
466	457
466	463
466	471
466	480
467	29
467	44
467	74
467	133
467	137
467	155
467	159
467	186
467	246
467	248
467	284
467	312
467	381
467	399
467	400
467	409
467	411
467	420
467	434
467	456
467	476
468	21
468	64
468	88
468	109
468	157
468	179
468	189
468	217
468	301
468	314
468	321
468	328
468	333
468	346
468	370
468	379
468	439
468	454
468	458
468	477
468	486
469	72
469	83
469	95
469	160
469	163
469	216
469	236
469	258
469	263
469	264
469	278
469	291
469	346
469	361
469	362
469	376
469	398
469	404
469	432
469	433
469	494
470	60
470	63
470	112
470	125
470	135
470	159
470	178
470	210
470	252
470	280
470	282
470	365
470	385
470	406
470	428
470	441
470	443
470	445
470	453
470	484
470	491
471	53
471	69
471	107
471	123
471	175
471	195
471	275
471	277
471	286
471	299
471	327
471	381
471	402
471	409
471	411
471	414
471	434
471	449
471	466
471	476
471	489
472	4
472	17
472	213
472	223
472	232
472	239
472	244
472	271
472	315
472	323
472	360
472	380
472	386
472	410
472	417
472	429
472	435
472	436
472	455
472	475
472	482
473	134
473	138
473	177
473	238
473	257
473	317
473	326
473	329
473	354
473	357
473	358
473	367
473	391
473	398
473	407
473	422
473	430
473	438
473	444
473	488
473	497
474	15
474	45
474	101
474	142
474	172
474	199
474	263
474	276
474	291
474	316
474	346
474	361
474	362
474	376
474	416
474	424
474	432
474	433
474	437
474	443
474	484
475	4
475	27
475	65
475	220
475	224
475	232
475	256
475	271
475	299
475	315
475	348
475	360
475	368
475	380
475	410
475	417
475	436
475	455
475	472
475	482
475	498
476	10
476	33
476	56
476	164
476	174
476	187
476	251
476	286
476	303
476	335
476	340
476	382
476	384
476	402
476	414
476	434
476	449
476	461
476	467
476	471
476	489
477	11
477	19
477	24
477	30
477	37
477	88
477	157
477	179
477	209
477	212
477	240
477	283
477	314
477	328
477	337
477	397
477	442
477	450
477	468
477	479
477	481
477	482
478	52
478	83
478	106
478	108
478	116
478	143
478	188
478	222
478	295
478	319
478	389
478	393
478	395
478	408
478	416
478	421
478	460
478	462
478	465
478	485
478	493
478	498
479	47
479	126
479	179
479	265
479	269
479	274
479	297
479	321
479	328
479	339
479	350
479	368
479	370
479	371
479	385
479	397
479	439
479	442
479	454
479	477
479	481
479	483
480	7
480	55
480	140
480	156
480	192
480	196
480	203
480	300
480	341
480	382
480	387
480	412
480	413
480	418
480	423
480	425
480	426
480	427
480	444
480	446
480	457
480	466
481	42
481	52
481	64
481	91
481	92
481	121
481	189
481	269
481	274
481	285
481	290
481	296
481	350
481	371
481	419
481	439
481	440
481	452
481	454
481	477
481	479
481	483
482	4
482	49
482	65
482	68
482	87
482	100
482	146
482	167
482	213
482	224
482	244
482	271
482	299
482	315
482	368
482	380
482	410
482	455
482	472
482	475
482	477
482	488
483	37
483	157
483	189
483	212
483	217
483	260
483	262
483	270
483	297
483	321
483	328
483	333
483	350
483	371
483	396
483	440
483	452
483	454
483	479
483	481
483	490
483	500
484	73
484	103
484	163
484	168
484	199
484	206
484	237
484	258
484	264
484	276
484	278
484	325
484	338
484	362
484	366
484	376
484	398
484	404
484	424
484	443
484	470
484	474
484	494
485	62
485	83
485	85
485	96
485	111
485	255
485	295
485	305
485	320
485	377
485	389
485	395
485	396
485	405
485	416
485	421
485	451
485	462
485	465
485	478
485	487
485	492
485	498
486	11
486	59
486	65
486	90
486	92
486	201
486	217
486	240
486	265
486	267
486	269
486	290
486	310
486	333
486	336
486	370
486	371
486	397
486	442
486	454
486	461
486	468
486	500
487	13
487	32
487	62
487	70
487	127
487	143
487	181
487	214
487	255
487	331
487	345
487	347
487	389
487	393
487	396
487	408
487	425
487	451
487	460
487	462
487	465
487	485
487	498
488	6
488	31
488	134
488	227
488	231
488	250
488	254
488	257
488	309
488	329
488	354
488	367
488	391
488	392
488	394
488	401
488	403
488	407
488	422
488	438
488	450
488	473
488	482
488	497
489	20
489	69
489	97
489	115
489	175
489	187
489	197
489	246
489	284
489	286
489	289
489	307
489	327
489	381
489	383
489	392
489	409
489	414
489	420
489	447
489	456
489	464
489	471
489	476
490	5
490	26
490	35
490	98
490	158
490	162
490	191
490	235
490	236
490	245
490	279
490	287
490	301
490	304
490	316
490	332
490	355
490	374
490	378
490	386
490	415
490	483
490	492
490	495
491	1
491	24
491	40
491	104
491	120
491	135
491	151
491	154
491	159
491	178
491	200
491	252
491	280
491	337
491	369
491	373
491	388
491	406
491	428
491	441
491	445
491	453
491	470
491	499
492	2
492	67
492	86
492	110
492	118
492	136
492	162
492	208
492	209
492	233
492	266
492	287
492	301
492	311
492	355
492	356
492	374
492	390
492	415
492	427
492	448
492	485
492	490
492	495
493	22
493	48
493	106
493	114
493	128
493	143
493	152
493	222
493	319
493	322
493	364
493	377
493	389
493	395
493	396
493	405
493	408
493	416
493	421
493	459
493	460
493	465
493	478
493	498
494	15
494	75
494	153
494	163
494	182
494	276
494	278
494	282
494	291
494	298
494	314
494	325
494	338
494	366
494	376
494	393
494	398
494	404
494	432
494	433
494	437
494	443
494	469
494	484
495	8
495	58
495	110
495	118
495	122
495	136
495	144
495	229
495	233
495	247
495	266
495	301
495	303
495	304
495	311
495	332
495	344
495	355
495	356
495	374
495	448
495	462
495	490
495	492
496	33
496	38
496	40
496	78
496	82
496	84
496	113
496	124
496	133
496	150
496	165
496	205
496	228
496	249
496	281
496	288
496	313
496	330
496	334
496	342
496	372
496	374
496	388
496	459
497	42
497	117
497	134
497	173
497	177
497	227
497	250
497	254
497	257
497	287
497	317
497	329
497	354
497	357
497	358
497	367
497	392
497	394
497	401
497	407
497	422
497	438
497	450
497	473
497	488
498	54
498	128
498	145
498	181
498	189
498	221
498	320
498	331
498	345
498	377
498	382
498	393
498	395
498	396
498	405
498	408
498	421
498	451
498	462
498	465
498	475
498	478
498	485
498	487
498	493
499	49
499	66
499	76
499	104
499	125
499	131
499	132
499	153
499	154
499	200
499	210
499	252
499	253
499	280
499	365
499	369
499	373
499	385
499	406
499	409
499	428
499	445
499	451
499	453
499	491
500	19
500	24
500	59
500	90
500	92
500	108
500	121
500	189
500	209
500	260
500	267
500	269
500	270
500	285
500	296
500	350
500	359
500	419
500	440
500	442
500	452
500	454
500	463
500	483
500	486
